image_width: 320
image_height: 240
camera_name: narrow_stereo/left
camera_matrix:
  rows: 3
  cols: 3
  data: [219.337321, 0.000000, 174.618040, 0.000000, 207.720918, 102.348445, 0.000000, 0.000000, 1.000000]
distortion_model: plumb_bob
distortion_coefficients:
  rows: 1
  cols: 5
  data: [-0.385819, 0.126936, 0.003808, -0.007467, 0.000000]
rectification_matrix:
  rows: 3
  cols: 3
  data: [0.996999, 0.007353, -0.077058, -0.007995, 0.999936, -0.008037, 0.076994, 0.008629, 0.996994]
projection_matrix:
  rows: 3
  cols: 4
  data: [192.826481, 0.000000, 190.571391, 0.000000, 0.000000, 192.826481, 109.826110, 0.000000, 0.000000, 0.000000, 1.000000, 0.000000]
